# torch_bench: torch=2.13.0+cpu threads_swept=[1, 2, 4, 8, 16] cuda_available=False python=3.12.10
workload                   dtype  thr  inner   median_ms      p99_ms      min_ms      max_ms  result
attention_head               f64    1     59      0.5073      0.6670      0.3595      0.6670  87.114305
attention_head               f64    2     64      0.3750      0.4168      0.2927      0.4168  87.114305
attention_head               f64    4    125      0.2120      0.3214      0.1808      0.3214  87.114305
attention_head               f64    8    202      0.1798      0.2845      0.1516      0.2845  87.114305 <- best
attention_head               f64   16    111      0.2499      0.4856      0.2016      0.4856  87.114305
attention_head               f32    1     76      0.3391      1.0577      0.3021      1.0577  87.114273
attention_head               f32    2     61      0.2113      0.2732      0.1632      0.2732  87.114273
attention_head               f32    4    233      0.1786      0.2788      0.0983      0.2788  87.114273 <- best
attention_head               f32    8    126      0.4807      1.1644      0.1788      1.1644  87.114273
attention_head               f32   16     73      0.3986      0.5901      0.2474      0.5901  87.114273
elementwise_10000            f64    1    301      0.0749      0.0830      0.0442      0.0830  0.065092 <- best
elementwise_10000            f64    2    432      0.0864      0.1169      0.0583      0.1169  0.065092
elementwise_10000            f64    4    280      0.1169      0.2657      0.0865      0.2657  0.065092
elementwise_10000            f64    8    258      0.1403      0.3127      0.0732      0.3127  0.065092
elementwise_10000            f64   16    185      0.2015      0.5930      0.1278      0.5930  0.065092
elementwise_10000            f32    1    291      0.0405      0.0686      0.0234      0.0686  0.065092 <- best
elementwise_10000            f32    2    197      0.1060      0.1862      0.0574      0.1862  0.065092
elementwise_10000            f32    4    813      0.0745      0.1974      0.0579      0.1974  0.065092
elementwise_10000            f32    8    592      0.1231      0.3268      0.0763      0.3268  0.065092
elementwise_10000            f32   16    320      0.1351      0.2465      0.1049      0.2465  0.065092
elementwise_100000           f64    1     62      0.5761      0.6886      0.3704      0.6886  0.062076
elementwise_100000           f64    2     61      0.4098      0.5213      0.3514      0.5213  0.062076
elementwise_100000           f64    4     85      0.2745      0.3402      0.2191      0.3402  0.062076 <- best
elementwise_100000           f64    8    123      0.4223      0.9387      0.2696      0.9387  0.062076
elementwise_100000           f64   16     40      0.4736      0.7798      0.3211      0.7798  0.062076
elementwise_100000           f32    1     97      0.3002      0.3397      0.1701      0.3397  0.062076
elementwise_100000           f32    2    149      0.1783      0.3114      0.1536      0.3114  0.062076
elementwise_100000           f32    4    220      0.1105      0.2180      0.1001      0.2180  0.062076
elementwise_100000           f32    8    261      0.0934      0.1331      0.0867      0.1331  0.062076 <- best
elementwise_100000           f32   16    135      0.1612      0.2127      0.1327      0.2127  0.062076
elementwise_1000000          f64    1      5      7.5766      8.5169      5.3614      8.5169  0.059834
elementwise_1000000          f64    2      5      4.1797      4.8939      2.9585      4.8939  0.059834
elementwise_1000000          f64    4     10      2.4119      3.3360      2.0709      3.3360  0.059834 <- best
elementwise_1000000          f64    8     22      2.7381      3.7614      1.4614      3.7614  0.059834
elementwise_1000000          f64   16      6      2.6989      9.1312      1.7411      9.1312  0.059834
elementwise_1000000          f32    1     13      3.2053      4.1264      1.8046      4.1264  0.059834
elementwise_1000000          f32    2     23      1.6338      2.1556      1.4259      2.1556  0.059834
elementwise_1000000          f32    4     27      0.8734      1.0213      0.7472      1.0213  0.059834
elementwise_1000000          f32    8     68      0.5025      0.8283      0.4304      0.8283  0.059834 <- best
elementwise_1000000          f32   16     52      0.5295      0.5896      0.4214      0.5896  0.059834
elementwise_10000000         f64    1      1     75.2340     85.6314     57.4747     85.6314  0.061115
elementwise_10000000         f64    2      1     46.8220     57.3885     41.4636     57.3885  0.061115
elementwise_10000000         f64    4      1     34.2866     42.5574     27.7687     42.5574  0.061115
elementwise_10000000         f64    8      1     23.2652     31.7159     22.0496     31.7159  0.061115 <- best
elementwise_10000000         f64   16      1     24.8393     34.2722     20.4475     34.2722  0.061115
elementwise_10000000         f32    1      1     39.7599     44.0495     34.2431     44.0495  0.061115
elementwise_10000000         f32    2      1     23.3037     30.6492     19.7603     30.6492  0.061115
elementwise_10000000         f32    4      2     16.6153     18.7149     15.3519     18.7149  0.061115
elementwise_10000000         f32    8      2     11.6761     13.2348     11.0849     13.2348  0.061115 <- best
elementwise_10000000         f32   16      2     12.6634     15.5882     10.1541     15.5882  0.061115
elementwise_grad_100000      f64    1     30      1.0789      1.5041      0.8553      1.5041  0.590478
elementwise_grad_100000      f64    2     39      0.7126      0.8692      0.6124      0.8692  0.590478
elementwise_grad_100000      f64    4     55      0.4376      0.5464      0.3523      0.5464  0.590478
elementwise_grad_100000      f64    8     57      0.3940      0.5188      0.3351      0.5188  0.590478 <- best
elementwise_grad_100000      f64   16     41      0.6025      0.8470      0.4927      0.8470  0.590478
elementwise_grad_100000      f32    1     49      0.5432      0.8315      0.3332      0.8315  0.590478
elementwise_grad_100000      f32    2     71      0.4143      0.4898      0.3594      0.4898  0.590478
elementwise_grad_100000      f32    4    104      0.2921      0.3924      0.2579      0.3924  0.590478
elementwise_grad_100000      f32    8    103      0.2624      0.3615      0.2365      0.3615  0.590478 <- best
elementwise_grad_100000      f32   16     65      0.4738      0.8128      0.3704      0.8128  0.590478
elementwise_grad_1000000     f64    1      2     17.6700     19.6933     15.9879     19.6933  0.590226
elementwise_grad_1000000     f64    2      2     12.8441     24.3437     10.9465     24.3437  0.590226
elementwise_grad_1000000     f64    4      4      8.7107     10.7356      7.6760     10.7356  0.590226
elementwise_grad_1000000     f64    8      4      5.4372      6.5608      4.7343      6.5608  0.590226 <- best
elementwise_grad_1000000     f64   16      4      5.7650      7.5959      3.7346      7.5959  0.590226
elementwise_grad_1000000     f32    1      3      9.3760     11.7699      5.6842     11.7699  0.590226
elementwise_grad_1000000     f32    2      5      5.4336      9.4177      4.6778      9.4177  0.590226
elementwise_grad_1000000     f32    4      9      3.0892      6.3446      2.2415      6.3446  0.590226
elementwise_grad_1000000     f32    8     23      1.4780      1.9369      1.1937      1.9369  0.590226 <- best
elementwise_grad_1000000     f32   16     12      2.2787      3.7240      1.5091      3.7240  0.590226
matmul_128                   f64    1    209      0.1159      0.1407      0.1029      0.1407  -1195.283115
matmul_128                   f64    2    376      0.0660      0.0857      0.0605      0.0857  -1195.283115
matmul_128                   f64    4    643      0.0443      0.0562      0.0384      0.0562  -1195.283115
matmul_128                   f64    8    842      0.0376      0.0652      0.0306      0.0652  -1195.283115 <- best
matmul_128                   f64   16    516      0.0530      0.0962      0.0409      0.0962  -1195.283115
matmul_128                   f32    1    351      0.0589      0.0710      0.0414      0.0710  -1195.282593
matmul_128                   f32    2    776      0.0350      0.0427      0.0319      0.0427  -1195.282593
matmul_128                   f32    4    905      0.0262      0.0382      0.0216      0.0382  -1195.282593 <- best
matmul_128                   f32    8    839      0.0272      0.0377      0.0188      0.0377  -1195.282959
matmul_128                   f32   16    705      0.0472      0.0877      0.0306      0.0877  -1195.282959
matmul_256                   f64    1     26      0.8059      1.0242      0.5776      1.0242  -4200.679047
matmul_256                   f64    2     61      0.4458      0.5701      0.3946      0.5701  -4200.679047
matmul_256                   f64    4     45      0.3394      0.5500      0.2548      0.5500  -4200.679047
matmul_256                   f64    8     51      0.3419      1.0156      0.2249      1.0156  -4200.679047
matmul_256                   f64   16     73      0.3365      0.5527      0.2170      0.5527  -4200.679047 <- best
matmul_256                   f32    1     80      0.3933      0.4255      0.2900      0.4255  -4200.680664
matmul_256                   f32    2    120      0.2268      0.2656      0.2002      0.2656  -4200.681152
matmul_256                   f32    4    126      0.1463      0.2020      0.1294      0.2020  -4200.681152
matmul_256                   f32    8    262      0.1160      0.2204      0.0909      0.2204  -4200.681152 <- best
matmul_256                   f32   16    247      0.1469      0.2036      0.1215      0.2036  -4200.681152
matmul_512                   f64    1      5      6.7686      7.2235      4.6585      7.2235  -10759.042226
matmul_512                   f64    2      6      3.4965      3.7954      3.2649      3.7954  -10759.042226
matmul_512                   f64    4     12      1.8838      2.2392      1.7900      2.2392  -10759.042226
matmul_512                   f64    8     23      1.5137      2.0482      1.1262      2.0482  -10759.042226
matmul_512                   f64   16     20      1.4831      2.3043      1.1214      2.3043  -10759.042226 <- best
matmul_512                   f32    1      6      3.5521      5.0910      2.9138      5.0910  -10759.041992
matmul_512                   f32    2     16      1.6441      1.9677      1.4695      1.9677  -10759.041016
matmul_512                   f32    4     26      0.9114      1.0223      0.8387      1.0223  -10759.042969
matmul_512                   f32    8     57      0.8118      1.5910      0.6079      1.5910  -10759.041992 <- best
matmul_512                   f32   16     17      1.5833      3.5496      0.7332      3.5496  -10759.041992
matmul_1024                  f64    1      1     54.6252     78.8044     49.9247     78.8044  8858.236854
matmul_1024                  f64    2      1     27.6112     38.1346     25.2550     38.1346  8858.236854
matmul_1024                  f64    4      2     15.6544     17.6747     15.0040     17.6747  8858.236854
matmul_1024                  f64    8      4     10.9676     12.5024      9.3364     12.5024  8858.236854
matmul_1024                  f64   16      4      9.6140     14.9003      7.4821     14.9003  8858.236854 <- best
matmul_1024                  f32    1      1     26.5912     32.5337     22.0332     32.5337  8858.242188
matmul_1024                  f32    2      2     14.3757     16.0840     13.1724     16.0840  8858.240234
matmul_1024                  f32    4      3      7.6533     14.0595      6.7947     14.0595  8858.242188
matmul_1024                  f32    8      4      6.9113      9.9835      4.6608      9.9835  8858.239258
matmul_1024                  f32   16      3      5.4846      6.7071      4.2269      6.7071  8858.232422 <- best
matmul_512_grad              f64    1      2     14.0344     16.7508     13.3533     16.7508  -90047.059937
matmul_512_grad              f64    2      3      7.7211      8.6238      7.0432      8.6238  -90047.059937
matmul_512_grad              f64    4      5      4.2679      4.7420      3.9749      4.7420  -90047.059937
matmul_512_grad              f64    8     11      2.5789      4.0391      2.2629      4.0391  -90047.059937 <- best
matmul_512_grad              f64   16     14      3.2795      4.9791      2.6896      4.9791  -90047.059937
matmul_512_grad              f32    1      4      6.7941      8.1649      4.7862      8.1649  -90047.140625
matmul_512_grad              f32    2      7      3.5977      4.0267      3.3051      4.0267  -90047.140625
matmul_512_grad              f32    4     12      1.9302      2.3227      1.7811      2.3227  -90047.125000
matmul_512_grad              f32    8     12      1.3121      2.1686      1.1092      2.1686  -90047.156250 <- best
matmul_512_grad              f32   16     15      1.6629      1.9746      1.4215      1.9746  -90047.156250
mc_option_fwd                f64    1     23      0.5928      0.8270      0.5126      0.8270  10.460652
mc_option_fwd                f64    2     82      0.3373      0.3860      0.3013      0.3860  10.460652
mc_option_fwd                f64    4    154      0.2097      0.2631      0.1902      0.2631  10.460652
mc_option_fwd                f64    8    190      0.1589      0.2660      0.1470      0.2660  10.460652 <- best
mc_option_fwd                f64   16     94      0.3512      0.4421      0.3096      0.4421  10.460652
mc_option_fwd                f32    1    126      0.2422      0.3041      0.1851      0.3041  10.460651
mc_option_fwd                f32    2    174      0.1622      0.1900      0.1525      0.1900  10.460651
mc_option_fwd                f32    4    198      0.1194      0.1667      0.1055      0.1667  10.460651
mc_option_fwd                f32    8    179      0.1160      0.1578      0.1011      0.1578  10.460652 <- best
mc_option_fwd                f32   16    142      0.2907      0.3933      0.2390      0.3933  10.460652
mc_option_grad               f64    1      8      3.2384      5.4592      2.4931      5.4592  38.191806
mc_option_grad               f64    2     16      1.7315      2.1349      1.3558      2.1349  38.191806
mc_option_grad               f64    4     17      1.0824      1.4661      0.9311      1.4661  38.191806
mc_option_grad               f64    8     20      0.9244      1.3820      0.8076      1.3820  38.191806 <- best
mc_option_grad               f64   16     21      2.0771      3.5215      1.4590      3.5215  38.191806
mc_option_grad               f32    1      7      1.3637      2.4624      1.0460      2.4624  38.191807
mc_option_grad               f32    2     25      1.0380      1.2676      0.8879      1.2676  38.191807
mc_option_grad               f32    4     27      0.7308      0.8257      0.6422      0.8257  38.191807
mc_option_grad               f32    8     41      0.6888      0.8330      0.6203      0.8330  38.191807 <- best
mc_option_grad               f32   16     32      1.7234      3.5027      1.0952      3.5027  38.191807
mlp_train_step               f64    1     11      2.7770      4.6762      1.8243      4.6762  0.043308
mlp_train_step               f64    2     13      1.6950      2.9033      1.3795      2.9033  0.043308
mlp_train_step               f64    4     25      1.1100      1.7427      0.9807      1.7427  0.043308
mlp_train_step               f64    8     21      1.0887      1.4524      0.8739      1.4524  0.043308 <- best
mlp_train_step               f64   16     17      1.5006      4.0730      1.0837      4.0730  0.043308
mlp_train_step               f32    1     13      1.2341      1.8616      0.9070      1.8616  0.043308
mlp_train_step               f32    2     36      0.8287      1.1160      0.7494      1.1160  0.043308
mlp_train_step               f32    4     44      0.6343      0.7786      0.5595      0.7786  0.043308
mlp_train_step               f32    8     35      0.5600      0.7185      0.4997      0.7185  0.043308 <- best
mlp_train_step               f32   16     23      0.9099      1.3088      0.7728      1.3088  0.043308
